2.500000000000000540e-20 4.314000000000000561e-11
7.500000000000001018e-20 1.568000000000000169e-10
1.250000000000000089e-19 1.946200000000000217e-10
1.750000000000000077e-19 2.281999999999999719e-10
2.250000000000000065e-19 2.638000000000000093e-10
2.749999999999999812e-19 2.875999999999999684e-10
3.250000000000000040e-19 2.954000000000000346e-10
3.750000000000000268e-19 2.958000000000000022e-10
4.250000000000000978e-19 3.000000000000000497e-10
4.749999999999999762e-19 2.970000000000000084e-10
5.250000000000000953e-19 2.894000000000000036e-10
5.750000000000000219e-19 2.811999999999999699e-10
6.250000000000000447e-19 2.689999999999999500e-10
6.750000000000000676e-19 2.573999999999999590e-10
7.250000000000000904e-19 2.441999999999999942e-10
7.750000000000001132e-19 2.304000000000000005e-10
8.250000000000001361e-19 2.150000000000000072e-10
8.750000000000001589e-19 1.996000000000000138e-10
9.250000000000000854e-19 1.835399999999999938e-10
9.750000000000000120e-19 1.682200000000000147e-10
1.025000000000000131e-18 1.531600000000000170e-10
1.075000000000000058e-18 1.381400000000000007e-10
1.125000000000000177e-18 1.235999999999999919e-10
1.174999999999999911e-18 1.100999999999999998e-10
1.225000000000000030e-18 9.754000000000000645e-11
1.274999999999999956e-18 8.537999999999999364e-11
1.325000000000000076e-18 7.372000000000000496e-11
1.374999999999999809e-18 6.301999999999999279e-11
1.424999999999999929e-18 5.356000000000000038e-11
1.475000000000000048e-18 4.523999999999999706e-11
1.525000000000000167e-18 3.796000000000001031e-11
1.575000000000000286e-18 3.159999999999999298e-11
1.625000000000000020e-18 2.622000000000000096e-11
1.675000000000000139e-18 2.165999999999999939e-11
1.725000000000000066e-18 1.783400000000000014e-11
1.775000000000000185e-18 1.457000000000000113e-11
1.825000000000000304e-18 1.188199999999999966e-11
1.875000000000000423e-18 9.667999999999999598e-12
1.924999999999999772e-18 7.873999999999999770e-12
1.975000000000000276e-18 6.360000000000000365e-12
2.025000000000000010e-18 5.154000000000000051e-12
2.075000000000000129e-18 4.131999999999999761e-12
2.124999999999999863e-18 3.329999999999999745e-12
2.175000000000000367e-18 2.691999999999999838e-12
2.225000000000000101e-18 2.161999999999999875e-12
2.275000000000000221e-18 1.767400000000000123e-12
2.324999999999999954e-18 1.427199999999999816e-12
2.375000000000000074e-18 1.141399999999999963e-12
2.425000000000000193e-18 9.239999999999998998e-13
2.475000000000000312e-18 7.555999999999999308e-13
2.525000000000000431e-18 6.055999999999999641e-13
2.574999999999999780e-18 4.823999999999999438e-13
2.625000000000000284e-18 3.953999999999999611e-13
2.675000000000000018e-18 3.275999999999999369e-13
2.725000000000000522e-18 2.646000000000000034e-13
2.774999999999999871e-18 2.076000000000000191e-13
2.824999999999999990e-18 1.741400000000000032e-13
2.875000000000000109e-18 1.396199999999999897e-13
2.925000000000000229e-18 1.215599999999999889e-13
2.975000000000000348e-18 1.022199999999999926e-13
3.025000000000000082e-18 7.838000000000000277e-14
3.075000000000000201e-18 6.655999999999999608e-14
3.125000000000000320e-18 5.722000000000000761e-14
3.175000000000000439e-18 4.763999999999999946e-14
3.225000000000000173e-18 4.589999999999999879e-14
3.275000000000000292e-18 4.537999999999999823e-14
3.325000000000000026e-18 3.655999999999999770e-14
3.375000000000000530e-18 3.225999999999999961e-14
3.424999999999999879e-18 3.073999999999999700e-14
3.475000000000000383e-18 2.749999999999999957e-14
3.525000000000000117e-18 2.493999999999999900e-14
3.574999999999999851e-18 2.087999999999999850e-14
3.625000000000000356e-18 1.906399999999999897e-14
3.675000000000000090e-18 1.629599999999999816e-14
3.725000000000000594e-18 1.497000000000000147e-14
3.775000000000001098e-18 1.567399999999999713e-14
3.825000000000000062e-18 1.240400000000000040e-14
3.874999999999999796e-18 1.322799999999999801e-14
3.925000000000000300e-18 1.098999999999999754e-14
3.975000000000000804e-18 1.026399999999999954e-14
4.024999999999999768e-18 9.799999999999999894e-15
4.075000000000000272e-18 9.967999999999999468e-15
4.125000000000000777e-18 8.958000000000000806e-15
4.175000000000001281e-18 4.811999999999999306e-15
4.224999999999999474e-18 4.392000000000000370e-15
4.274999999999999978e-18 3.945999999999999828e-15
4.325000000000000483e-18 3.524000000000000465e-15
4.375000000000000217e-18 2.677999999999999734e-15
4.424999999999999951e-18 2.512000000000000192e-15
4.475000000000000455e-18 1.933799999999999987e-15
4.525000000000000959e-18 1.509199999999999951e-15
4.574999999999999923e-18 1.196000000000000107e-15
4.625000000000000427e-18 1.258200000000000013e-15
4.675000000000000161e-18 9.479999999999998244e-16
4.725000000000000665e-18 7.162000000000000810e-16
4.774999999999999629e-18 6.577999999999999603e-16
4.825000000000000133e-18 5.615999999999999946e-16
4.875000000000000638e-18 5.411999999999999984e-16
4.925000000000001142e-18 4.877999999999999589e-16
4.975000000000000106e-18 2.954000000000000275e-16
5.025000000000000610e-18 2.479999999999999869e-16
5.074999999999999573e-18 2.069999999999999617e-16
5.125000000000000078e-18 1.800200000000000143e-16
5.174999999999999812e-18 1.373999999999999992e-16
5.225000000000000316e-18 1.715000000000000011e-16
5.275000000000000820e-18 8.784000000000001331e-17
5.324999999999999784e-18 9.471999999999998903e-17
5.375000000000000288e-18 6.076000000000000025e-17
5.425000000000000793e-18 4.826000000000000051e-17
5.475000000000001297e-18 4.143999999999999520e-17
5.524999999999999490e-18 4.122000000000000099e-17
5.574999999999999994e-18 2.226000000000000019e-17
5.625000000000000499e-18 1.851200000000000134e-17
5.675000000000001003e-18 1.306600000000000120e-17
5.724999999999999967e-18 1.615799999999999984e-17
5.775000000000000471e-18 1.332399999999999936e-17
5.825000000000000205e-18 6.950000000000000767e-18
5.875000000000000709e-18 7.616000000000000150e-18
5.925000000000000443e-18 6.990000000000000554e-18
5.975000000000000947e-18 5.041999999999999826e-18
6.025000000000000681e-18 3.934000000000000021e-18
6.074999999999999645e-18 2.527999999999999953e-18
6.125000000000000149e-18 1.378400000000000115e-18
6.175000000000000654e-18 1.477399999999999935e-18
6.225000000000001158e-18 6.934000000000000043e-19
6.275000000000000122e-18 2.051999999999999943e-18
6.325000000000000626e-18 3.205999999999999542e-19
6.375000000000001130e-18 3.239999999999999708e-19
6.425000000000001634e-18 2.259999999999999915e-19
6.474999999999999828e-18 2.789999999999999695e-19
6.525000000000000332e-18 4.227999999999999766e-20
6.575000000000000066e-18 7.885999999999998666e-20
6.625000000000000570e-18 3.776000000000000048e-20
6.675000000000000304e-18 1.342399999999999979e-19
6.725000000000000809e-18 1.188800000000000128e-19
6.775000000000000542e-18 0.000000000000000000e+00
6.825000000000000276e-18 2.872000000000000010e-20
6.875000000000000010e-18 0.000000000000000000e+00
6.925000000000000515e-18 0.000000000000000000e+00
6.975000000000001789e-18 0.000000000000000000e+00
7.025000000000000753e-18 0.000000000000000000e+00
7.075000000000001257e-18 0.000000000000000000e+00
7.125000000000000221e-18 0.000000000000000000e+00
7.175000000000000725e-18 2.872000000000000010e-20
7.224999999999999689e-18 0.000000000000000000e+00
7.275000000000000193e-18 0.000000000000000000e+00
7.325000000000000697e-18 0.000000000000000000e+00
7.375000000000001202e-18 0.000000000000000000e+00
7.425000000000000165e-18 0.000000000000000000e+00
7.475000000000000670e-18 0.000000000000000000e+00
7.524999999999999633e-18 0.000000000000000000e+00
7.575000000000000137e-18 0.000000000000000000e+00
7.625000000000000642e-18 0.000000000000000000e+00
7.675000000000001146e-18 0.000000000000000000e+00
7.725000000000001650e-18 0.000000000000000000e+00
7.775000000000000614e-18 0.000000000000000000e+00
7.825000000000001118e-18 0.000000000000000000e+00
7.875000000000001623e-18 0.000000000000000000e+00
7.925000000000000586e-18 0.000000000000000000e+00
7.974999999999999550e-18 0.000000000000000000e+00
8.025000000000000054e-18 0.000000000000000000e+00
8.075000000000000558e-18 0.000000000000000000e+00
8.124999999999999522e-18 0.000000000000000000e+00
8.174999999999998486e-18 0.000000000000000000e+00
8.224999999999998990e-18 0.000000000000000000e+00
8.275000000000001035e-18 0.000000000000000000e+00
8.324999999999999999e-18 0.000000000000000000e+00
8.375000000000000503e-18 0.000000000000000000e+00
8.425000000000001007e-18 0.000000000000000000e+00
8.474999999999999971e-18 0.000000000000000000e+00
8.525000000000000475e-18 0.000000000000000000e+00
8.575000000000000979e-18 0.000000000000000000e+00
8.625000000000001484e-18 0.000000000000000000e+00
8.675000000000000447e-18 0.000000000000000000e+00
8.725000000000000952e-18 0.000000000000000000e+00
8.775000000000001456e-18 0.000000000000000000e+00
8.825000000000001960e-18 0.000000000000000000e+00
8.874999999999999383e-18 0.000000000000000000e+00
8.924999999999998347e-18 0.000000000000000000e+00
8.974999999999998851e-18 0.000000000000000000e+00
9.025000000000000896e-18 0.000000000000000000e+00
9.074999999999999860e-18 0.000000000000000000e+00
9.125000000000000364e-18 0.000000000000000000e+00
9.175000000000000868e-18 0.000000000000000000e+00
9.224999999999999832e-18 0.000000000000000000e+00
9.275000000000000336e-18 0.000000000000000000e+00
9.325000000000000840e-18 0.000000000000000000e+00
9.375000000000001345e-18 0.000000000000000000e+00
9.425000000000000308e-18 0.000000000000000000e+00
9.475000000000000813e-18 0.000000000000000000e+00
9.525000000000001317e-18 0.000000000000000000e+00
9.575000000000001821e-18 0.000000000000000000e+00
9.625000000000000785e-18 0.000000000000000000e+00
9.674999999999998208e-18 0.000000000000000000e+00
9.724999999999998712e-18 0.000000000000000000e+00
9.775000000000000757e-18 0.000000000000000000e+00
9.824999999999999721e-18 0.000000000000000000e+00
9.875000000000000225e-18 0.000000000000000000e+00
9.925000000000000729e-18 0.000000000000000000e+00
9.974999999999999693e-18 0.000000000000000000e+00
