2.500000000000000540e-20 1.216799999999999924e-13
7.500000000000001018e-20 3.694000000000000214e-13
1.250000000000000089e-19 1.490399999999999991e-12
1.750000000000000077e-19 1.061599999999999839e-12
2.250000000000000065e-19 4.372000000000000455e-13
2.749999999999999812e-19 4.536000000000000059e-13
3.250000000000000040e-19 4.710000000000000125e-13
3.750000000000000268e-19 4.693999999999999992e-13
4.250000000000000978e-19 4.411999999999999780e-13
4.749999999999999762e-19 4.399999999999999932e-13
5.250000000000000953e-19 4.149999999999999987e-13
5.750000000000000219e-19 4.087999999999999847e-13
6.250000000000000447e-19 3.749999999999999672e-13
6.750000000000000676e-19 3.570000000000000439e-13
7.250000000000000904e-19 3.204000000000000282e-13
7.750000000000001132e-19 2.961999999999999900e-13
8.250000000000001361e-19 2.739999999999999937e-13
8.750000000000001589e-19 2.671999999999999621e-13
9.250000000000000854e-19 2.595999999999999743e-13
9.750000000000000120e-19 2.395999999999999585e-13
1.025000000000000131e-18 2.305999999999999464e-13
1.075000000000000058e-18 2.164000000000000170e-13
1.125000000000000177e-18 2.067999999999999872e-13
1.174999999999999911e-18 1.907600000000000121e-13
1.225000000000000030e-18 1.871399999999999983e-13
1.274999999999999956e-18 1.752600000000000024e-13
1.325000000000000076e-18 1.731599999999999912e-13
1.374999999999999809e-18 1.618000000000000022e-13
1.424999999999999929e-18 1.574800000000000015e-13
1.475000000000000048e-18 1.481199999999999787e-13
1.525000000000000167e-18 1.403199999999999766e-13
1.575000000000000286e-18 1.386000000000000102e-13
1.625000000000000020e-18 1.304599999999999813e-13
1.675000000000000139e-18 1.233400000000000076e-13
1.725000000000000066e-18 1.206400000000000039e-13
1.775000000000000185e-18 1.126000000000000074e-13
1.825000000000000304e-18 1.113399999999999956e-13
1.875000000000000423e-18 1.075399999999999891e-13
1.924999999999999772e-18 1.042400000000000057e-13
1.975000000000000276e-18 9.470000000000000290e-14
2.025000000000000010e-18 9.159999999999999592e-14
2.075000000000000129e-18 8.851999999999998531e-14
2.124999999999999863e-18 8.048000000000000139e-14
2.175000000000000367e-18 7.530000000000000479e-14
2.225000000000000101e-18 7.251999999999999038e-14
2.275000000000000221e-18 6.549999999999999858e-14
2.324999999999999954e-18 6.456000000000000461e-14
2.375000000000000074e-18 5.884000000000000475e-14
2.425000000000000193e-18 5.534000000000000704e-14
2.475000000000000312e-18 5.171999999999999318e-14
2.525000000000000431e-18 5.018000000000000050e-14
2.574999999999999780e-18 4.720000000000000335e-14
2.625000000000000284e-18 4.189999999999999691e-14
2.675000000000000018e-18 4.073999999999999857e-14
2.725000000000000522e-18 3.830000000000000467e-14
2.774999999999999871e-18 3.699999999999999380e-14
2.824999999999999990e-18 3.416000000000000288e-14
2.875000000000000109e-18 3.177999999999999812e-14
2.925000000000000229e-18 2.754000000000000180e-14
2.975000000000000348e-18 2.861999999999999568e-14
3.025000000000000082e-18 2.453999999999999881e-14
3.075000000000000201e-18 2.441999999999999843e-14
3.125000000000000320e-18 2.220000000000000259e-14
3.175000000000000439e-18 2.111999999999999924e-14
3.225000000000000173e-18 2.020000000000000165e-14
3.275000000000000292e-18 1.760200000000000164e-14
3.325000000000000026e-18 1.598399999999999783e-14
3.375000000000000530e-18 1.494599999999999950e-14
3.424999999999999879e-18 1.417600000000000158e-14
3.475000000000000383e-18 1.281199999999999914e-14
3.525000000000000117e-18 1.172199999999999918e-14
3.574999999999999851e-18 1.133199999999999876e-14
3.625000000000000356e-18 1.069600000000000025e-14
3.675000000000000090e-18 9.897999999999999514e-15
3.725000000000000594e-18 8.373999999999999205e-15
3.775000000000001098e-18 8.292000000000001422e-15
3.825000000000000062e-18 7.293999999999999010e-15
3.874999999999999796e-18 7.072000000000000531e-15
3.925000000000000300e-18 7.689999999999999923e-15
3.975000000000000804e-18 5.869999999999999537e-15
4.024999999999999768e-18 5.048000000000000774e-15
4.075000000000000272e-18 4.521999999999999721e-15
4.125000000000000777e-18 4.474000000000000519e-15
4.175000000000001281e-18 4.307999999999999794e-15
4.224999999999999474e-18 3.767999999999999696e-15
4.274999999999999978e-18 3.387999999999999833e-15
4.325000000000000483e-18 3.299999999999999980e-15
4.375000000000000217e-18 2.691999999999999961e-15
4.424999999999999951e-18 2.373999999999999922e-15
4.475000000000000455e-18 2.284000000000000037e-15
4.525000000000000959e-18 1.993000000000000239e-15
4.574999999999999923e-18 2.001999999999999793e-15
4.625000000000000427e-18 1.785600000000000064e-15
4.675000000000000161e-18 1.455000000000000174e-15
4.725000000000000665e-18 1.445199999999999897e-15
4.774999999999999629e-18 1.274400000000000158e-15
4.825000000000000133e-18 1.213800000000000317e-15
4.875000000000000638e-18 1.117600000000000056e-15
4.925000000000001142e-18 9.837999999999999328e-16
4.975000000000000106e-18 8.749999999999999201e-16
5.025000000000000610e-18 7.525999999999999428e-16
5.074999999999999573e-18 7.122000000000001146e-16
5.125000000000000078e-18 6.527999999999999777e-16
5.174999999999999812e-18 5.337999999999999175e-16
5.225000000000000316e-18 4.548000000000000144e-16
5.275000000000000820e-18 4.094000000000000063e-16
5.324999999999999784e-18 3.725999999999999803e-16
5.375000000000000288e-18 3.617999999999999823e-16
5.425000000000000793e-18 3.371999999999999868e-16
5.475000000000001297e-18 3.014000000000000263e-16
5.524999999999999490e-18 2.708000000000000320e-16
5.574999999999999994e-18 1.918600000000000006e-16
5.625000000000000499e-18 1.939999999999999723e-16
5.675000000000001003e-18 1.106199999999999984e-16
5.724999999999999967e-18 8.775999999999999525e-17
5.775000000000000471e-18 7.455999999999998537e-17
5.825000000000000205e-18 6.570000000000000016e-17
5.875000000000000709e-18 5.329999999999999834e-17
5.925000000000000443e-18 4.070000000000000068e-17
5.975000000000000947e-18 3.836000000000000234e-17
6.025000000000000681e-18 3.006000000000000183e-17
6.074999999999999645e-18 3.150000000000000033e-17
6.125000000000000149e-18 2.716000000000000339e-17
6.175000000000000654e-18 1.955599999999999979e-17
6.225000000000001158e-18 2.773999999999999568e-17
6.275000000000000122e-18 1.589599999999999923e-17
6.325000000000000626e-18 2.610000000000000133e-17
6.375000000000001130e-18 2.948000000000000029e-17
6.425000000000001634e-18 1.602199999999999687e-17
6.474999999999999828e-18 9.268000000000000296e-18
6.525000000000000332e-18 7.248000000000000260e-18
6.575000000000000066e-18 5.344000000000000992e-18
6.625000000000000570e-18 4.226000000000000470e-18
6.675000000000000304e-18 4.679999999999999749e-18
6.725000000000000809e-18 3.265999999999999801e-18
6.775000000000000542e-18 5.016000000000000119e-18
6.825000000000000276e-18 4.471999999999999778e-18
6.875000000000000010e-18 4.438000000000000575e-18
6.925000000000000515e-18 7.969999999999999962e-18
6.975000000000001789e-18 9.719999999999999124e-18
7.025000000000000753e-18 1.274599999999999828e-17
7.075000000000001257e-18 8.513999999999997991e-18
7.125000000000000221e-18 5.223999999999999320e-18
7.175000000000000725e-18 4.649999999999999909e-18
7.224999999999999689e-18 9.087999999999998173e-18
7.275000000000000193e-18 2.298000000000000021e-18
7.325000000000000697e-18 1.148599999999999997e-18
7.375000000000001202e-18 1.148599999999999997e-18
7.425000000000000165e-18 0.000000000000000000e+00
7.475000000000000670e-18 0.000000000000000000e+00
7.524999999999999633e-18 0.000000000000000000e+00
7.575000000000000137e-18 0.000000000000000000e+00
7.625000000000000642e-18 0.000000000000000000e+00
7.675000000000001146e-18 0.000000000000000000e+00
7.725000000000001650e-18 0.000000000000000000e+00
7.775000000000000614e-18 0.000000000000000000e+00
7.825000000000001118e-18 0.000000000000000000e+00
7.875000000000001623e-18 0.000000000000000000e+00
7.925000000000000586e-18 0.000000000000000000e+00
7.974999999999999550e-18 0.000000000000000000e+00
8.025000000000000054e-18 0.000000000000000000e+00
8.075000000000000558e-18 0.000000000000000000e+00
8.124999999999999522e-18 0.000000000000000000e+00
8.174999999999998486e-18 0.000000000000000000e+00
8.224999999999998990e-18 0.000000000000000000e+00
8.275000000000001035e-18 0.000000000000000000e+00
8.324999999999999999e-18 0.000000000000000000e+00
8.375000000000000503e-18 0.000000000000000000e+00
8.425000000000001007e-18 0.000000000000000000e+00
8.474999999999999971e-18 0.000000000000000000e+00
8.525000000000000475e-18 0.000000000000000000e+00
8.575000000000000979e-18 0.000000000000000000e+00
8.625000000000001484e-18 0.000000000000000000e+00
8.675000000000000447e-18 0.000000000000000000e+00
8.725000000000000952e-18 0.000000000000000000e+00
8.775000000000001456e-18 0.000000000000000000e+00
8.825000000000001960e-18 0.000000000000000000e+00
8.874999999999999383e-18 0.000000000000000000e+00
8.924999999999998347e-18 0.000000000000000000e+00
8.974999999999998851e-18 0.000000000000000000e+00
9.025000000000000896e-18 0.000000000000000000e+00
9.074999999999999860e-18 0.000000000000000000e+00
9.125000000000000364e-18 0.000000000000000000e+00
9.175000000000000868e-18 0.000000000000000000e+00
9.224999999999999832e-18 0.000000000000000000e+00
9.275000000000000336e-18 0.000000000000000000e+00
9.325000000000000840e-18 0.000000000000000000e+00
9.375000000000001345e-18 0.000000000000000000e+00
9.425000000000000308e-18 0.000000000000000000e+00
9.475000000000000813e-18 0.000000000000000000e+00
9.525000000000001317e-18 0.000000000000000000e+00
9.575000000000001821e-18 0.000000000000000000e+00
9.625000000000000785e-18 0.000000000000000000e+00
9.674999999999998208e-18 0.000000000000000000e+00
9.724999999999998712e-18 0.000000000000000000e+00
9.775000000000000757e-18 0.000000000000000000e+00
9.824999999999999721e-18 0.000000000000000000e+00
9.875000000000000225e-18 0.000000000000000000e+00
9.925000000000000729e-18 0.000000000000000000e+00
9.974999999999999693e-18 0.000000000000000000e+00
