2.500000000000000139e-02 4.544000000000000025e-11
7.499999999999999722e-02 1.713199999999999833e-10
1.250000000000000000e-01 2.223999999999999765e-10
1.749999999999999889e-01 2.670000000000000086e-10
2.250000000000000056e-01 3.315999999999999716e-10
2.750000000000000222e-01 3.639999999999999838e-10
3.250000000000000111e-01 3.892000000000000105e-10
3.750000000000000000e-01 4.089999999999999835e-10
4.249999999999999889e-01 4.322000000000000688e-10
4.749999999999999778e-01 4.482000000000000653e-10
5.250000000000000222e-01 4.558000000000000183e-10
5.749999999999999556e-01 4.583999999999999887e-10
6.250000000000000000e-01 4.549999999999999797e-10
6.750000000000000444e-01 4.506000000000000260e-10
7.249999999999999778e-01 4.427999999999999598e-10
7.750000000000000222e-01 4.312000000000000206e-10
8.249999999999999556e-01 4.156000000000000434e-10
8.750000000000000000e-01 3.983999999999999891e-10
9.250000000000000444e-01 3.788000000000000257e-10
9.749999999999999778e-01 3.577999999999999949e-10
1.024999999999999911e+00 3.353999999999999998e-10
1.074999999999999956e+00 3.115999999999999890e-10
1.125000000000000000e+00 2.877999999999999781e-10
1.175000000000000044e+00 2.636000000000000513e-10
1.225000000000000089e+00 2.385999999999999826e-10
1.274999999999999911e+00 2.138000000000000010e-10
1.324999999999999956e+00 1.900599999999999878e-10
1.375000000000000000e+00 1.671199999999999874e-10
1.425000000000000044e+00 1.455600000000000123e-10
1.475000000000000089e+00 1.258400000000000018e-10
1.524999999999999911e+00 1.079200000000000006e-10
1.574999999999999956e+00 9.201999999999999604e-11
1.625000000000000000e+00 7.803999999999999624e-11
1.675000000000000044e+00 6.570000000000000318e-11
1.725000000000000089e+00 5.520000000000000067e-11
1.774999999999999911e+00 4.623999999999999361e-11
1.824999999999999956e+00 3.863999999999999530e-11
1.875000000000000000e+00 3.231999999999999799e-11
1.925000000000000044e+00 2.709999999999999560e-11
1.975000000000000089e+00 2.275999999999999753e-11
2.024999999999999911e+00 1.917800000000000411e-11
2.075000000000000178e+00 1.629999999999999800e-11
2.125000000000000000e+00 1.385600000000000074e-11
2.174999999999999822e+00 1.187400000000000050e-11
2.225000000000000089e+00 1.029399999999999956e-11
2.274999999999999911e+00 8.956000000000001824e-12
2.325000000000000178e+00 7.869999999999999383e-12
2.375000000000000000e+00 7.000000000000000869e-12
2.424999999999999822e+00 6.300000000000000217e-12
2.475000000000000089e+00 5.733999999999999599e-12
2.524999999999999911e+00 5.230000000000000131e-12
2.575000000000000178e+00 4.818000000000000675e-12
2.625000000000000000e+00 4.545999999999999411e-12
2.674999999999999822e+00 4.220000000000000194e-12
2.725000000000000089e+00 3.990000000000000568e-12
2.774999999999999911e+00 3.839999999999998986e-12
2.825000000000000178e+00 3.630000000000000486e-12
2.875000000000000000e+00 3.451999999999999427e-12
2.924999999999999822e+00 3.329999999999999745e-12
2.975000000000000089e+00 3.201999999999999887e-12
3.024999999999999911e+00 3.108000000000000085e-12
3.075000000000000178e+00 2.985999999999999595e-12
3.125000000000000000e+00 2.883999999999999828e-12
3.174999999999999822e+00 2.823999999999999680e-12
3.225000000000000089e+00 2.725999999999999895e-12
3.274999999999999911e+00 2.646000000000000236e-12
3.325000000000000178e+00 2.529999999999999923e-12
3.375000000000000000e+00 2.434000000000000332e-12
3.424999999999999822e+00 2.366000000000000218e-12
3.475000000000000089e+00 2.279999999999999574e-12
3.524999999999999911e+00 2.203999999999999898e-12
3.575000000000000178e+00 2.119999999999999852e-12
3.625000000000000000e+00 2.028000000000000244e-12
3.674999999999999822e+00 1.940000000000000215e-12
3.725000000000000089e+00 1.868000000000000118e-12
3.774999999999999911e+00 1.800199999999999943e-12
3.825000000000000178e+00 1.728199999999999846e-12
3.875000000000000000e+00 1.638000000000000089e-12
3.924999999999999822e+00 1.573399999999999940e-12
3.975000000000000089e+00 1.492800000000000061e-12
4.025000000000000355e+00 1.429200000000000009e-12
4.075000000000000178e+00 1.362400000000000132e-12
4.125000000000000000e+00 1.299799999999999975e-12
4.174999999999999822e+00 1.236999999999999879e-12
4.224999999999999645e+00 1.171599999999999976e-12
4.275000000000000355e+00 1.122800000000000022e-12
4.325000000000000178e+00 1.063999999999999909e-12
4.375000000000000000e+00 1.003200000000000007e-12
4.424999999999999822e+00 9.529999999999998772e-13
4.474999999999999645e+00 9.122000000000000915e-13
4.525000000000000355e+00 8.562000000000000272e-13
4.575000000000000178e+00 8.174000000000000309e-13
4.625000000000000000e+00 7.681999999999998973e-13
4.674999999999999822e+00 7.264000000000000148e-13
4.724999999999999645e+00 6.863999999999999833e-13
4.775000000000000355e+00 6.526000000000000667e-13
4.825000000000000178e+00 6.032000000000000955e-13
4.875000000000000000e+00 5.713999999999999684e-13
4.924999999999999822e+00 5.377999999999999904e-13
4.974999999999999645e+00 5.057999999999999248e-13
5.025000000000000355e+00 4.743999999999999779e-13
5.075000000000000178e+00 4.454000000000000005e-13
5.125000000000000000e+00 4.205999999999999951e-13
5.174999999999999822e+00 3.913999999999999781e-13
5.224999999999999645e+00 3.668000000000000123e-13
5.275000000000000355e+00 3.459999999999999898e-13
5.325000000000000178e+00 3.229999999999999868e-13
5.375000000000000000e+00 3.025999999999999930e-13
5.424999999999999822e+00 2.812000000000000034e-13
5.474999999999999645e+00 2.605999999999999700e-13
5.525000000000000355e+00 2.427999999999999853e-13
5.575000000000000178e+00 2.258000000000000072e-13
5.625000000000000000e+00 2.093999999999999963e-13
5.674999999999999822e+00 1.913800000000000135e-13
5.724999999999999645e+00 1.773999999999999560e-13
5.775000000000000355e+00 1.629599999999999943e-13
5.825000000000000178e+00 1.485800000000000091e-13
5.875000000000000000e+00 1.353000000000000142e-13
5.924999999999999822e+00 1.219400000000000085e-13
5.974999999999999645e+00 1.098400000000000020e-13
6.025000000000000355e+00 9.953999999999999793e-14
6.075000000000000178e+00 8.890000000000000490e-14
6.125000000000000000e+00 7.934000000000000575e-14
6.174999999999999822e+00 6.983999999999999574e-14
6.224999999999999645e+00 6.073999999999998908e-14
6.275000000000000355e+00 5.190000000000000478e-14
6.325000000000000178e+00 4.449999999999999971e-14
6.375000000000000000e+00 3.707999999999999826e-14
6.424999999999999822e+00 3.073999999999999700e-14
6.474999999999999645e+00 2.439999999999999890e-14
6.525000000000000355e+00 1.955999999999999756e-14
6.575000000000000178e+00 1.568400000000000163e-14
6.625000000000000000e+00 1.239600000000000027e-14
6.674999999999999822e+00 9.572000000000000133e-15
6.724999999999999645e+00 6.668000000000001066e-15
6.775000000000000355e+00 3.942000000000000552e-15
6.825000000000000178e+00 1.878199999999999636e-15
6.875000000000000000e+00 5.475999999999999643e-16
6.924999999999999822e+00 1.212999999999999693e-16
6.974999999999999645e+00 8.269999999999999290e-17
7.025000000000000355e+00 3.866000000000000229e-17
7.075000000000000178e+00 1.977600000000000016e-17
7.125000000000000000e+00 8.987999999999999860e-19
7.174999999999999822e+00 0.000000000000000000e+00
7.224999999999999645e+00 0.000000000000000000e+00
7.275000000000000355e+00 0.000000000000000000e+00
7.325000000000000178e+00 0.000000000000000000e+00
7.375000000000000000e+00 0.000000000000000000e+00
7.424999999999999822e+00 0.000000000000000000e+00
7.474999999999999645e+00 0.000000000000000000e+00
7.525000000000000355e+00 0.000000000000000000e+00
7.575000000000000178e+00 0.000000000000000000e+00
7.625000000000000000e+00 0.000000000000000000e+00
7.674999999999999822e+00 0.000000000000000000e+00
7.724999999999999645e+00 0.000000000000000000e+00
7.775000000000000355e+00 0.000000000000000000e+00
7.825000000000000178e+00 0.000000000000000000e+00
7.875000000000000000e+00 0.000000000000000000e+00
7.924999999999999822e+00 0.000000000000000000e+00
7.974999999999999645e+00 0.000000000000000000e+00
8.025000000000000355e+00 0.000000000000000000e+00
8.074999999999999289e+00 0.000000000000000000e+00
8.125000000000000000e+00 0.000000000000000000e+00
8.175000000000000711e+00 0.000000000000000000e+00
8.224999999999999645e+00 0.000000000000000000e+00
8.275000000000000355e+00 0.000000000000000000e+00
8.324999999999999289e+00 0.000000000000000000e+00
8.375000000000000000e+00 0.000000000000000000e+00
8.425000000000000711e+00 0.000000000000000000e+00
8.474999999999999645e+00 0.000000000000000000e+00
8.525000000000000355e+00 0.000000000000000000e+00
8.574999999999999289e+00 0.000000000000000000e+00
8.625000000000000000e+00 0.000000000000000000e+00
8.675000000000000711e+00 0.000000000000000000e+00
8.724999999999999645e+00 0.000000000000000000e+00
8.775000000000000355e+00 0.000000000000000000e+00
8.824999999999999289e+00 0.000000000000000000e+00
8.875000000000000000e+00 0.000000000000000000e+00
8.925000000000000711e+00 0.000000000000000000e+00
8.974999999999999645e+00 0.000000000000000000e+00
9.025000000000000355e+00 0.000000000000000000e+00
9.074999999999999289e+00 0.000000000000000000e+00
9.125000000000000000e+00 0.000000000000000000e+00
9.175000000000000711e+00 0.000000000000000000e+00
9.224999999999999645e+00 0.000000000000000000e+00
9.275000000000000355e+00 0.000000000000000000e+00
9.324999999999999289e+00 0.000000000000000000e+00
9.375000000000000000e+00 0.000000000000000000e+00
9.425000000000000711e+00 0.000000000000000000e+00
9.474999999999999645e+00 0.000000000000000000e+00
9.525000000000000355e+00 0.000000000000000000e+00
9.574999999999999289e+00 0.000000000000000000e+00
9.625000000000000000e+00 0.000000000000000000e+00
9.675000000000000711e+00 0.000000000000000000e+00
9.724999999999999645e+00 0.000000000000000000e+00
9.775000000000000355e+00 0.000000000000000000e+00
9.824999999999999289e+00 0.000000000000000000e+00
9.875000000000000000e+00 0.000000000000000000e+00
9.925000000000000711e+00 0.000000000000000000e+00
9.974999999999999645e+00 0.000000000000000000e+00
