2.500000000000000139e-02 5.120000000000000156e-11
7.499999999999999722e-02 1.134199999999999945e-10
1.250000000000000000e-01 6.600000000000000473e-11
1.749999999999999889e-01 4.056000000000000004e-11
2.250000000000000056e-01 3.246000000000000345e-11
2.750000000000000222e-01 2.789999999999999865e-11
3.250000000000000111e-01 2.601999999999999778e-11
3.750000000000000000e-01 2.498000000000000059e-11
4.249999999999999889e-01 2.342000000000000158e-11
4.749999999999999778e-01 2.107999999999999984e-11
5.250000000000000222e-01 1.915999999999999833e-11
5.749999999999999556e-01 1.738999999999999759e-11
6.250000000000000000e-01 1.619599999999999763e-11
6.750000000000000444e-01 1.486799999999999844e-11
7.249999999999999778e-01 1.381999999999999887e-11
7.750000000000000222e-01 1.262799999999999991e-11
8.249999999999999556e-01 1.180999999999999915e-11
8.750000000000000000e-01 1.100799999999999833e-11
9.250000000000000444e-01 1.015799999999999933e-11
9.749999999999999778e-01 9.415999999999999460e-12
1.024999999999999911e+00 8.693999999999999911e-12
1.074999999999999956e+00 8.041999999999999862e-12
1.125000000000000000e+00 7.405999999999999745e-12
1.175000000000000044e+00 6.885999999999999537e-12
1.225000000000000089e+00 6.346000000000000626e-12
1.274999999999999911e+00 5.744000000000000566e-12
1.324999999999999956e+00 5.193999999999999881e-12
1.375000000000000000e+00 4.673999999999999673e-12
1.425000000000000044e+00 4.202000000000000069e-12
1.475000000000000089e+00 3.806000000000000544e-12
1.524999999999999911e+00 3.435999999999999899e-12
1.574999999999999956e+00 3.013999999999999880e-12
1.625000000000000000e+00 2.682000000000000083e-12
1.675000000000000044e+00 2.345999999999999899e-12
1.725000000000000089e+00 2.106000000000000114e-12
1.774999999999999911e+00 1.848199999999999738e-12
1.824999999999999956e+00 1.637600000000000010e-12
1.875000000000000000e+00 1.423000000000000096e-12
1.925000000000000044e+00 1.269800000000000103e-12
1.975000000000000089e+00 1.109400000000000099e-12
2.024999999999999911e+00 9.598000000000000098e-13
2.075000000000000178e+00 8.142000000000000042e-13
2.125000000000000000e+00 7.183999999999999479e-13
2.174999999999999822e+00 6.163999999999999786e-13
2.225000000000000089e+00 5.275999999999999935e-13
2.274999999999999911e+00 4.495999999999999725e-13
2.325000000000000178e+00 3.756000000000000353e-13
2.375000000000000000e+00 3.246000000000000507e-13
2.424999999999999822e+00 2.781999999999999657e-13
2.475000000000000089e+00 2.323999999999999993e-13
2.524999999999999911e+00 2.019999999999999723e-13
2.575000000000000178e+00 1.738200000000000106e-13
2.625000000000000000e+00 1.476399999999999899e-13
2.674999999999999822e+00 1.199799999999999845e-13
2.725000000000000089e+00 1.000800000000000138e-13
2.774999999999999911e+00 8.407999999999999363e-14
2.825000000000000178e+00 7.141999999999998749e-14
2.875000000000000000e+00 6.093999999999999075e-14
2.924999999999999822e+00 5.194000000000000385e-14
2.975000000000000089e+00 4.275999999999999905e-14
3.024999999999999911e+00 3.911999999999999512e-14
3.075000000000000178e+00 3.167999999999999729e-14
3.125000000000000000e+00 2.453999999999999881e-14
3.174999999999999822e+00 2.042000000000000286e-14
3.225000000000000089e+00 1.671199999999999861e-14
3.274999999999999911e+00 1.555399999999999991e-14
3.325000000000000178e+00 1.362399999999999892e-14
3.375000000000000000e+00 1.477199999999999943e-14
3.424999999999999822e+00 1.225600000000000036e-14
3.475000000000000089e+00 1.250200000000000160e-14
3.524999999999999911e+00 1.103799999999999989e-14
3.575000000000000178e+00 7.872000000000000119e-15
3.625000000000000000e+00 8.282000000000000076e-15
3.674999999999999822e+00 6.789999999999999498e-15
3.725000000000000089e+00 6.003999999999999742e-15
3.774999999999999911e+00 5.004000000000000059e-15
3.825000000000000178e+00 4.546000000000000900e-15
3.875000000000000000e+00 4.598000000000000167e-15
3.924999999999999822e+00 2.857999999999999503e-15
3.975000000000000089e+00 3.147999999999999877e-15
4.025000000000000355e+00 2.435999999999999746e-15
4.075000000000000178e+00 2.560000000000000578e-15
4.125000000000000000e+00 3.224000000000000323e-15
4.174999999999999822e+00 1.720799999999999878e-15
4.224999999999999645e+00 1.853999999999999755e-15
4.275000000000000355e+00 1.074199999999999982e-15
4.325000000000000178e+00 1.099000000000000109e-15
4.375000000000000000e+00 8.551999999999999731e-16
4.424999999999999822e+00 7.386000000000000111e-16
4.474999999999999645e+00 1.318399999999999887e-15
4.525000000000000355e+00 1.252199999999999916e-15
4.575000000000000178e+00 4.532000000000000475e-16
4.625000000000000000e+00 7.847999999999998546e-16
4.674999999999999822e+00 1.007200000000000076e-15
4.724999999999999645e+00 6.102000000000000349e-16
4.775000000000000355e+00 1.597000000000000115e-15
4.825000000000000178e+00 3.260000000000000514e-15
4.875000000000000000e+00 3.574000000000000094e-15
4.924999999999999822e+00 1.145800000000000001e-15
4.974999999999999645e+00 1.276599999999999879e-16
5.025000000000000355e+00 1.051399999999999937e-16
5.075000000000000178e+00 1.044400000000000020e-16
5.125000000000000000e+00 8.738000000000000189e-17
5.174999999999999822e+00 6.371999999999999066e-17
5.224999999999999645e+00 7.830000000000001015e-17
5.275000000000000355e+00 4.393999999999999884e-17
5.325000000000000178e+00 3.380000000000000196e-17
5.375000000000000000e+00 2.353999999999999646e-17
5.424999999999999822e+00 1.992599999999999705e-17
5.474999999999999645e+00 1.839399999999999935e-17
5.525000000000000355e+00 1.358000000000000170e-17
5.575000000000000178e+00 1.139000000000000025e-17
5.625000000000000000e+00 1.046800000000000007e-17
5.674999999999999822e+00 6.418000000000000824e-18
5.724999999999999645e+00 5.617999999999998918e-18
5.775000000000000355e+00 5.399999999999999770e-18
5.825000000000000178e+00 3.247999999999999588e-18
5.875000000000000000e+00 2.766000000000000150e-18
5.924999999999999822e+00 2.384000000000000180e-18
5.974999999999999645e+00 1.804800000000000211e-18
6.025000000000000355e+00 1.888400000000000290e-18
6.075000000000000178e+00 1.015199999999999998e-18
6.125000000000000000e+00 1.278000000000000056e-18
6.174999999999999822e+00 9.389999999999999724e-19
6.224999999999999645e+00 5.468000000000000487e-19
6.275000000000000355e+00 7.879999999999999670e-19
6.325000000000000178e+00 4.134000000000000016e-19
6.375000000000000000e+00 4.654000000000000427e-19
6.424999999999999822e+00 4.588000000000000162e-19
6.474999999999999645e+00 2.769999999999999994e-19
6.525000000000000355e+00 3.863999999999999599e-20
6.575000000000000178e+00 1.659799999999999875e-19
6.625000000000000000e+00 1.170800000000000012e-19
6.674999999999999822e+00 3.686000000000000070e-20
6.724999999999999645e+00 0.000000000000000000e+00
6.775000000000000355e+00 3.565999999999999697e-20
6.825000000000000178e+00 8.979999999999999595e-20
6.875000000000000000e+00 8.409999999999998728e-20
6.924999999999999822e+00 0.000000000000000000e+00
6.974999999999999645e+00 0.000000000000000000e+00
7.025000000000000355e+00 0.000000000000000000e+00
7.075000000000000178e+00 0.000000000000000000e+00
7.125000000000000000e+00 0.000000000000000000e+00
7.174999999999999822e+00 2.421999999999999816e-20
7.224999999999999645e+00 0.000000000000000000e+00
7.275000000000000355e+00 0.000000000000000000e+00
7.325000000000000178e+00 0.000000000000000000e+00
7.375000000000000000e+00 0.000000000000000000e+00
7.424999999999999822e+00 0.000000000000000000e+00
7.474999999999999645e+00 0.000000000000000000e+00
7.525000000000000355e+00 0.000000000000000000e+00
7.575000000000000178e+00 0.000000000000000000e+00
7.625000000000000000e+00 0.000000000000000000e+00
7.674999999999999822e+00 0.000000000000000000e+00
7.724999999999999645e+00 0.000000000000000000e+00
7.775000000000000355e+00 0.000000000000000000e+00
7.825000000000000178e+00 0.000000000000000000e+00
7.875000000000000000e+00 0.000000000000000000e+00
7.924999999999999822e+00 0.000000000000000000e+00
7.974999999999999645e+00 0.000000000000000000e+00
8.025000000000000355e+00 0.000000000000000000e+00
8.074999999999999289e+00 0.000000000000000000e+00
8.125000000000000000e+00 0.000000000000000000e+00
8.175000000000000711e+00 0.000000000000000000e+00
8.224999999999999645e+00 0.000000000000000000e+00
8.275000000000000355e+00 0.000000000000000000e+00
8.324999999999999289e+00 0.000000000000000000e+00
8.375000000000000000e+00 0.000000000000000000e+00
8.425000000000000711e+00 0.000000000000000000e+00
8.474999999999999645e+00 0.000000000000000000e+00
8.525000000000000355e+00 0.000000000000000000e+00
8.574999999999999289e+00 0.000000000000000000e+00
8.625000000000000000e+00 0.000000000000000000e+00
8.675000000000000711e+00 0.000000000000000000e+00
8.724999999999999645e+00 0.000000000000000000e+00
8.775000000000000355e+00 0.000000000000000000e+00
8.824999999999999289e+00 0.000000000000000000e+00
8.875000000000000000e+00 0.000000000000000000e+00
8.925000000000000711e+00 0.000000000000000000e+00
8.974999999999999645e+00 0.000000000000000000e+00
9.025000000000000355e+00 0.000000000000000000e+00
9.074999999999999289e+00 0.000000000000000000e+00
9.125000000000000000e+00 0.000000000000000000e+00
9.175000000000000711e+00 0.000000000000000000e+00
9.224999999999999645e+00 0.000000000000000000e+00
9.275000000000000355e+00 0.000000000000000000e+00
9.324999999999999289e+00 0.000000000000000000e+00
9.375000000000000000e+00 0.000000000000000000e+00
9.425000000000000711e+00 0.000000000000000000e+00
9.474999999999999645e+00 0.000000000000000000e+00
9.525000000000000355e+00 0.000000000000000000e+00
9.574999999999999289e+00 0.000000000000000000e+00
9.625000000000000000e+00 0.000000000000000000e+00
9.675000000000000711e+00 0.000000000000000000e+00
9.724999999999999645e+00 0.000000000000000000e+00
9.775000000000000355e+00 0.000000000000000000e+00
9.824999999999999289e+00 0.000000000000000000e+00
9.875000000000000000e+00 0.000000000000000000e+00
9.925000000000000711e+00 0.000000000000000000e+00
9.974999999999999645e+00 0.000000000000000000e+00
