2.500000000000000540e-20 2.465999999999999792e-13
7.500000000000001018e-20 8.952000000000000629e-13
1.250000000000000089e-19 1.360399999999999939e-12
1.750000000000000077e-19 1.488200000000000060e-12
2.250000000000000065e-19 1.442600000000000134e-12
2.749999999999999812e-19 1.422199999999999938e-12
3.250000000000000040e-19 1.355399999999999859e-12
3.750000000000000268e-19 1.292999999999999842e-12
4.250000000000000978e-19 1.203799999999999980e-12
4.749999999999999762e-19 1.121999999999999864e-12
5.250000000000000953e-19 1.029599999999999975e-12
5.750000000000000219e-19 9.506000000000000086e-13
6.250000000000000447e-19 8.671999999999999803e-13
6.750000000000000676e-19 8.217999999999999920e-13
7.250000000000000904e-19 7.569999999999999046e-13
7.750000000000001132e-19 6.938000000000000325e-13
8.250000000000001361e-19 6.416000000000001136e-13
8.750000000000001589e-19 5.886000000000000365e-13
9.250000000000000854e-19 5.502000000000000184e-13
9.750000000000000120e-19 5.008000000000000471e-13
1.025000000000000131e-18 4.592000000000000022e-13
1.075000000000000058e-18 4.319999999999999768e-13
1.125000000000000177e-18 3.982000000000000602e-13
1.174999999999999911e-18 3.671999999999999904e-13
1.225000000000000030e-18 3.344000000000000190e-13
1.274999999999999956e-18 3.127999999999999899e-13
1.325000000000000076e-18 2.974000000000000252e-13
1.374999999999999809e-18 2.659999999999999773e-13
1.424999999999999929e-18 2.468000000000000187e-13
1.475000000000000048e-18 2.284000000000000163e-13
1.525000000000000167e-18 2.050000000000000100e-13
1.575000000000000286e-18 1.913599999999999793e-13
1.625000000000000020e-18 1.783200000000000167e-13
1.675000000000000139e-18 1.680200000000000252e-13
1.725000000000000066e-18 1.560200000000000259e-13
1.775000000000000185e-18 1.454800000000000021e-13
1.825000000000000304e-18 1.338200000000000296e-13
1.875000000000000423e-18 1.233800000000000003e-13
1.924999999999999772e-18 1.115200000000000009e-13
1.975000000000000276e-18 9.985999999999999051e-14
2.025000000000000010e-18 1.005599999999999900e-13
2.075000000000000129e-18 9.057999999999999117e-14
2.124999999999999863e-18 8.292000000000000160e-14
2.175000000000000367e-18 7.579999999999999003e-14
2.225000000000000101e-18 6.816000000000000946e-14
2.275000000000000221e-18 6.428000000000000479e-14
2.324999999999999954e-18 6.005999999999999854e-14
2.375000000000000074e-18 5.509999999999999367e-14
2.425000000000000193e-18 5.105999999999999271e-14
2.475000000000000312e-18 4.870000000000000327e-14
2.525000000000000431e-18 4.177999999999999969e-14
2.574999999999999780e-18 3.973999999999999652e-14
2.625000000000000284e-18 3.628000000000000419e-14
2.675000000000000018e-18 3.369999999999999777e-14
2.725000000000000522e-18 3.058000000000000071e-14
2.774999999999999871e-18 3.058000000000000071e-14
2.824999999999999990e-18 2.624000000000000040e-14
2.875000000000000109e-18 2.556000000000000355e-14
2.925000000000000229e-18 2.324000000000000056e-14
2.975000000000000348e-18 2.272000000000000000e-14
3.025000000000000082e-18 2.022000000000000118e-14
3.075000000000000201e-18 1.876799999999999889e-14
3.125000000000000320e-18 1.583200000000000009e-14
3.175000000000000439e-18 1.501999999999999873e-14
3.225000000000000173e-18 1.386999999999999858e-14
3.275000000000000292e-18 1.262000000000000075e-14
3.325000000000000026e-18 1.146400000000000011e-14
3.375000000000000530e-18 1.042999999999999948e-14
3.424999999999999879e-18 9.692000000000000505e-15
3.475000000000000383e-18 8.823999999999999812e-15
3.525000000000000117e-18 8.339999999999999047e-15
3.574999999999999851e-18 7.665999999999999533e-15
3.625000000000000356e-18 6.789999999999999498e-15
3.675000000000000090e-18 6.195999999999999707e-15
3.725000000000000594e-18 5.936000000000000215e-15
3.775000000000001098e-18 5.430000000000000276e-15
3.825000000000000062e-18 4.864000000000000151e-15
3.874999999999999796e-18 4.628000000000000260e-15
3.925000000000000300e-18 4.119999999999999105e-15
3.975000000000000804e-18 3.902000000000000691e-15
4.024999999999999768e-18 3.362000000000000593e-15
4.075000000000000272e-18 3.143999999999999812e-15
4.125000000000000777e-18 2.811999999999999939e-15
4.175000000000001281e-18 2.536000000000000188e-15
4.224999999999999474e-18 2.462000000000000168e-15
4.274999999999999978e-18 2.153999999999999897e-15
4.325000000000000483e-18 1.989400000000000338e-15
4.375000000000000217e-18 1.955000000000000016e-15
4.424999999999999951e-18 1.681999999999999918e-15
4.475000000000000455e-18 1.466200000000000041e-15
4.525000000000000959e-18 1.404000000000000134e-15
4.574999999999999923e-18 1.253999999999999866e-15
4.625000000000000427e-18 1.175200000000000045e-15
4.675000000000000161e-18 9.989999999999998642e-16
4.725000000000000665e-18 8.704000000000001017e-16
4.774999999999999629e-18 7.947999999999999185e-16
4.825000000000000133e-18 6.621999999999999924e-16
4.875000000000000638e-18 6.467999999999999788e-16
4.925000000000001142e-18 5.830000000000001057e-16
4.975000000000000106e-18 5.566000000000000119e-16
5.025000000000000610e-18 4.739999999999999122e-16
5.074999999999999573e-18 4.194000000000000209e-16
5.125000000000000078e-18 4.147999999999999067e-16
5.174999999999999812e-18 3.492000000000000339e-16
5.225000000000000316e-18 3.352000000000000036e-16
5.275000000000000820e-18 2.858000000000000292e-16
5.324999999999999784e-18 2.672000000000000327e-16
5.375000000000000288e-18 2.221999999999999917e-16
5.425000000000000793e-18 1.985199999999999698e-16
5.475000000000001297e-18 1.659800000000000120e-16
5.524999999999999490e-18 1.556599999999999745e-16
5.574999999999999994e-18 1.005799999999999871e-16
5.625000000000000499e-18 9.367999999999998840e-17
5.675000000000001003e-18 1.050000000000000052e-16
5.724999999999999967e-18 1.032999999999999973e-16
5.775000000000000471e-18 9.024000000000000054e-17
5.825000000000000205e-18 9.022000000000000219e-17
5.875000000000000709e-18 9.518000000000000045e-17
5.925000000000000443e-18 8.476000000000000813e-17
5.975000000000000947e-18 8.353999999999999767e-17
6.025000000000000681e-18 5.911999999999998740e-17
6.074999999999999645e-18 6.084000000000000599e-17
6.125000000000000149e-18 4.549999999999999363e-17
6.175000000000000654e-18 5.253999999999999314e-17
6.225000000000001158e-18 4.884000000000000205e-17
6.275000000000000122e-18 4.131999999999999892e-17
6.325000000000000626e-18 2.885999999999999589e-17
6.375000000000001130e-18 2.798000000000000057e-17
6.425000000000001634e-18 1.663399999999999638e-17
6.474999999999999828e-18 1.085999999999999922e-17
6.525000000000000332e-18 1.395599999999999877e-17
6.575000000000000066e-18 1.099200000000000129e-17
6.625000000000000570e-18 5.267999999999999240e-18
6.675000000000000304e-18 2.824000000000000150e-18
6.725000000000000809e-18 4.330000000000000071e-18
6.775000000000000542e-18 3.322000000000000119e-18
6.825000000000000276e-18 3.355999999999999707e-18
6.875000000000000010e-18 3.839999999999999597e-18
6.925000000000000515e-18 2.602000000000000098e-18
6.975000000000001789e-18 3.265999999999999801e-18
7.025000000000000753e-18 5.654000000000000113e-18
7.075000000000001257e-18 5.079999999999999932e-18
7.125000000000000221e-18 6.802000000000000476e-18
7.175000000000000725e-18 7.679999999999999194e-18
7.224999999999999689e-18 3.355999999999999707e-18
7.275000000000000193e-18 3.175999999999999894e-18
7.325000000000000697e-18 2.691999999999999619e-18
7.375000000000001202e-18 4.054000000000000153e-18
7.425000000000000165e-18 3.355999999999999707e-18
7.475000000000000670e-18 1.453199999999999902e-18
7.524999999999999633e-18 0.000000000000000000e+00
7.575000000000000137e-18 4.843999999999999994e-19
7.625000000000000642e-18 0.000000000000000000e+00
7.675000000000001146e-18 0.000000000000000000e+00
7.725000000000001650e-18 0.000000000000000000e+00
7.775000000000000614e-18 0.000000000000000000e+00
7.825000000000001118e-18 0.000000000000000000e+00
7.875000000000001623e-18 0.000000000000000000e+00
7.925000000000000586e-18 0.000000000000000000e+00
7.974999999999999550e-18 0.000000000000000000e+00
8.025000000000000054e-18 0.000000000000000000e+00
8.075000000000000558e-18 0.000000000000000000e+00
8.124999999999999522e-18 0.000000000000000000e+00
8.174999999999998486e-18 0.000000000000000000e+00
8.224999999999998990e-18 0.000000000000000000e+00
8.275000000000001035e-18 0.000000000000000000e+00
8.324999999999999999e-18 0.000000000000000000e+00
8.375000000000000503e-18 0.000000000000000000e+00
8.425000000000001007e-18 0.000000000000000000e+00
8.474999999999999971e-18 0.000000000000000000e+00
8.525000000000000475e-18 0.000000000000000000e+00
8.575000000000000979e-18 0.000000000000000000e+00
8.625000000000001484e-18 0.000000000000000000e+00
8.675000000000000447e-18 0.000000000000000000e+00
8.725000000000000952e-18 0.000000000000000000e+00
8.775000000000001456e-18 0.000000000000000000e+00
8.825000000000001960e-18 0.000000000000000000e+00
8.874999999999999383e-18 0.000000000000000000e+00
8.924999999999998347e-18 0.000000000000000000e+00
8.974999999999998851e-18 0.000000000000000000e+00
9.025000000000000896e-18 0.000000000000000000e+00
9.074999999999999860e-18 0.000000000000000000e+00
9.125000000000000364e-18 0.000000000000000000e+00
9.175000000000000868e-18 0.000000000000000000e+00
9.224999999999999832e-18 0.000000000000000000e+00
9.275000000000000336e-18 0.000000000000000000e+00
9.325000000000000840e-18 0.000000000000000000e+00
9.375000000000001345e-18 0.000000000000000000e+00
9.425000000000000308e-18 0.000000000000000000e+00
9.475000000000000813e-18 0.000000000000000000e+00
9.525000000000001317e-18 0.000000000000000000e+00
9.575000000000001821e-18 0.000000000000000000e+00
9.625000000000000785e-18 0.000000000000000000e+00
9.674999999999998208e-18 0.000000000000000000e+00
9.724999999999998712e-18 0.000000000000000000e+00
9.775000000000000757e-18 0.000000000000000000e+00
9.824999999999999721e-18 0.000000000000000000e+00
9.875000000000000225e-18 0.000000000000000000e+00
9.925000000000000729e-18 0.000000000000000000e+00
9.974999999999999693e-18 0.000000000000000000e+00
