2.500000000000000540e-20 4.596000000000000207e-11
7.500000000000001018e-20 1.180600000000000038e-10
1.250000000000000089e-19 7.451999999999999185e-11
1.750000000000000077e-19 4.675999999999999543e-11
2.250000000000000065e-19 5.140000000000000474e-11
2.749999999999999812e-19 3.593999999999999428e-11
3.250000000000000040e-19 3.552000000000000374e-11
3.750000000000000268e-19 3.709999999999999984e-11
4.250000000000000978e-19 3.668000000000000284e-11
4.749999999999999762e-19 3.539999999999999537e-11
5.250000000000000953e-19 3.402000000000000246e-11
5.750000000000000219e-19 3.235999999999999863e-11
6.250000000000000447e-19 3.109999999999999471e-11
6.750000000000000676e-19 2.986000000000000080e-11
7.250000000000000904e-19 2.850000000000000175e-11
7.750000000000001132e-19 2.713999999999999947e-11
8.250000000000001361e-19 2.603999999999999809e-11
8.750000000000001589e-19 2.471999999999999968e-11
9.250000000000000854e-19 2.383999999999999858e-11
9.750000000000000120e-19 2.281999999999999849e-11
1.025000000000000131e-18 2.173999999999999743e-11
1.075000000000000058e-18 2.087999999999999989e-11
1.125000000000000177e-18 1.993399999999999806e-11
1.174999999999999911e-18 1.886999999999999856e-11
1.225000000000000030e-18 1.765199999999999951e-11
1.274999999999999956e-18 1.664000000000000018e-11
1.325000000000000076e-18 1.547199999999999708e-11
1.374999999999999809e-18 1.435999999999999940e-11
1.424999999999999929e-18 1.321800000000000123e-11
1.475000000000000048e-18 1.210599999999999870e-11
1.525000000000000167e-18 1.106599999999999990e-11
1.575000000000000286e-18 1.011600000000000092e-11
1.625000000000000020e-18 9.154000000000000778e-12
1.675000000000000139e-18 8.267999999999999909e-12
1.725000000000000066e-18 7.449999999999999153e-12
1.775000000000000185e-18 6.671999999999999843e-12
1.825000000000000304e-18 6.006000000000000056e-12
1.875000000000000423e-18 5.325999999999998914e-12
1.924999999999999772e-18 4.749999999999999753e-12
1.975000000000000276e-18 4.252000000000000057e-12
2.025000000000000010e-18 3.772000000000000487e-12
2.075000000000000129e-18 3.337999999999999711e-12
2.124999999999999863e-18 2.971999999999999453e-12
2.175000000000000367e-18 2.620000000000000145e-12
2.225000000000000101e-18 2.341999999999999916e-12
2.275000000000000221e-18 2.060000000000000108e-12
2.324999999999999954e-18 1.855800000000000231e-12
2.375000000000000074e-18 1.639799999999999940e-12
2.425000000000000193e-18 1.470600000000000014e-12
2.475000000000000312e-18 1.315399999999999827e-12
2.525000000000000431e-18 1.166000000000000080e-12
2.574999999999999780e-18 1.063600000000000032e-12
2.625000000000000284e-18 9.644000000000000104e-13
2.675000000000000018e-18 8.633999999999999359e-13
2.725000000000000522e-18 7.993999999999999057e-13
2.774999999999999871e-18 7.238000000000001067e-13
2.824999999999999990e-18 6.750000000000000521e-13
2.875000000000000109e-18 6.100000000000000261e-13
2.925000000000000229e-18 5.852000000000000712e-13
2.975000000000000348e-18 5.409999999999999162e-13
3.025000000000000082e-18 5.318000000000000160e-13
3.075000000000000201e-18 5.003999999999999680e-13
3.125000000000000320e-18 4.782000000000000222e-13
3.175000000000000439e-18 4.593999999999999408e-13
3.225000000000000173e-18 4.381999999999999907e-13
3.275000000000000292e-18 4.236000000000000328e-13
3.325000000000000026e-18 4.103999999999999981e-13
3.375000000000000530e-18 3.889999999999999580e-13
3.424999999999999879e-18 3.772000000000000487e-13
3.475000000000000383e-18 3.656000000000000275e-13
3.525000000000000117e-18 3.518000000000000257e-13
3.574999999999999851e-18 3.275999999999999369e-13
3.625000000000000356e-18 3.138000000000000361e-13
3.675000000000000090e-18 3.020000000000000258e-13
3.725000000000000594e-18 2.941999999999999985e-13
3.775000000000001098e-18 2.770000000000000314e-13
3.825000000000000062e-18 2.698000000000000217e-13
3.874999999999999796e-18 2.601999999999999414e-13
3.925000000000000300e-18 2.526000000000000041e-13
3.975000000000000804e-18 2.379999999999999956e-13
4.024999999999999768e-18 2.343999999999999908e-13
4.075000000000000272e-18 2.176000000000000018e-13
4.125000000000000777e-18 2.125999999999999978e-13
4.175000000000001281e-18 2.024000000000000261e-13
4.224999999999999474e-18 1.908999999999999994e-13
4.274999999999999978e-18 1.871599999999999820e-13
4.325000000000000483e-18 1.732799999999999947e-13
4.375000000000000217e-18 1.677799999999999677e-13
4.424999999999999951e-18 1.590000000000000041e-13
4.475000000000000455e-18 1.500599999999999937e-13
4.525000000000000959e-18 1.458399999999999874e-13
4.574999999999999923e-18 1.438799999999999635e-13
4.625000000000000427e-18 1.360199999999999849e-13
4.675000000000000161e-18 1.260400000000000112e-13
4.725000000000000665e-18 1.187799999999999745e-13
4.774999999999999629e-18 1.133599999999999961e-13
4.825000000000000133e-18 1.054399999999999905e-13
4.875000000000000638e-18 1.019800000000000108e-13
4.925000000000001142e-18 9.619999999999999651e-14
4.975000000000000106e-18 9.242000000000001161e-14
5.025000000000000610e-18 8.727999999999999514e-14
5.074999999999999573e-18 8.077999999999999759e-14
5.125000000000000078e-18 7.681999999999999478e-14
5.174999999999999812e-18 7.092000000000000224e-14
5.225000000000000316e-18 6.775999999999999350e-14
5.275000000000000820e-18 6.402000000000000135e-14
5.324999999999999784e-18 5.928000000000000085e-14
5.375000000000000288e-18 5.606000000000000296e-14
5.425000000000000793e-18 5.301999999999999774e-14
5.475000000000001297e-18 5.042000000000000755e-14
5.524999999999999490e-18 4.678000000000000363e-14
5.574999999999999994e-18 4.321999999999999153e-14
5.625000000000000499e-18 4.024000000000000070e-14
5.675000000000001003e-18 3.756000000000000606e-14
5.724999999999999967e-18 3.557999999999999203e-14
5.775000000000000471e-18 3.253999999999999943e-14
5.825000000000000205e-18 3.040000000000000173e-14
5.875000000000000709e-18 2.838000000000000125e-14
5.925000000000000443e-18 2.569999999999999715e-14
5.975000000000000947e-18 2.414000000000000177e-14
6.025000000000000681e-18 2.179999999999999925e-14
6.074999999999999645e-18 1.970999999999999881e-14
6.125000000000000149e-18 1.827000000000000066e-14
6.175000000000000654e-18 1.616999999999999888e-14
6.225000000000001158e-18 1.465199999999999906e-14
6.275000000000000122e-18 1.312999999999999997e-14
6.325000000000000626e-18 1.090599999999999854e-14
6.375000000000001130e-18 9.295999999999999593e-15
6.425000000000001634e-18 7.814000000000001149e-15
6.474999999999999828e-18 6.368000000000000135e-15
6.525000000000000332e-18 5.026000000000000022e-15
6.575000000000000066e-18 4.089999999999999801e-15
6.625000000000000570e-18 3.340000000000000236e-15
6.675000000000000304e-18 2.563999999999999854e-15
6.725000000000000809e-18 1.882000000000000210e-15
6.775000000000000542e-18 1.047799999999999987e-15
6.825000000000000276e-18 4.794000000000000591e-16
6.875000000000000010e-18 1.378799999999999843e-16
6.925000000000000515e-18 1.324600000000000024e-17
6.975000000000001789e-18 4.493999999999999352e-18
7.025000000000000753e-18 2.563999999999999992e-18
7.075000000000001257e-18 1.531800000000000007e-18
7.125000000000000221e-18 0.000000000000000000e+00
7.175000000000000725e-18 0.000000000000000000e+00
7.224999999999999689e-18 0.000000000000000000e+00
7.275000000000000193e-18 0.000000000000000000e+00
7.325000000000000697e-18 0.000000000000000000e+00
7.375000000000001202e-18 0.000000000000000000e+00
7.425000000000000165e-18 0.000000000000000000e+00
7.475000000000000670e-18 0.000000000000000000e+00
7.524999999999999633e-18 0.000000000000000000e+00
7.575000000000000137e-18 0.000000000000000000e+00
7.625000000000000642e-18 0.000000000000000000e+00
7.675000000000001146e-18 0.000000000000000000e+00
7.725000000000001650e-18 0.000000000000000000e+00
7.775000000000000614e-18 0.000000000000000000e+00
7.825000000000001118e-18 0.000000000000000000e+00
7.875000000000001623e-18 0.000000000000000000e+00
7.925000000000000586e-18 0.000000000000000000e+00
7.974999999999999550e-18 0.000000000000000000e+00
8.025000000000000054e-18 0.000000000000000000e+00
8.075000000000000558e-18 0.000000000000000000e+00
8.124999999999999522e-18 0.000000000000000000e+00
8.174999999999998486e-18 0.000000000000000000e+00
8.224999999999998990e-18 0.000000000000000000e+00
8.275000000000001035e-18 0.000000000000000000e+00
8.324999999999999999e-18 0.000000000000000000e+00
8.375000000000000503e-18 0.000000000000000000e+00
8.425000000000001007e-18 0.000000000000000000e+00
8.474999999999999971e-18 0.000000000000000000e+00
8.525000000000000475e-18 0.000000000000000000e+00
8.575000000000000979e-18 0.000000000000000000e+00
8.625000000000001484e-18 0.000000000000000000e+00
8.675000000000000447e-18 0.000000000000000000e+00
8.725000000000000952e-18 0.000000000000000000e+00
8.775000000000001456e-18 0.000000000000000000e+00
8.825000000000001960e-18 0.000000000000000000e+00
8.874999999999999383e-18 0.000000000000000000e+00
8.924999999999998347e-18 0.000000000000000000e+00
8.974999999999998851e-18 0.000000000000000000e+00
9.025000000000000896e-18 0.000000000000000000e+00
9.074999999999999860e-18 0.000000000000000000e+00
9.125000000000000364e-18 0.000000000000000000e+00
9.175000000000000868e-18 0.000000000000000000e+00
9.224999999999999832e-18 0.000000000000000000e+00
9.275000000000000336e-18 0.000000000000000000e+00
9.325000000000000840e-18 0.000000000000000000e+00
9.375000000000001345e-18 0.000000000000000000e+00
9.425000000000000308e-18 0.000000000000000000e+00
9.475000000000000813e-18 0.000000000000000000e+00
9.525000000000001317e-18 0.000000000000000000e+00
9.575000000000001821e-18 0.000000000000000000e+00
9.625000000000000785e-18 0.000000000000000000e+00
9.674999999999998208e-18 0.000000000000000000e+00
9.724999999999998712e-18 0.000000000000000000e+00
9.775000000000000757e-18 0.000000000000000000e+00
9.824999999999999721e-18 0.000000000000000000e+00
9.875000000000000225e-18 0.000000000000000000e+00
9.925000000000000729e-18 0.000000000000000000e+00
9.974999999999999693e-18 0.000000000000000000e+00
