2.500000000000000139e-02 3.059999999999999583e-13
7.499999999999999722e-02 1.144399999999999849e-12
1.250000000000000000e-01 2.545999999999999855e-12
1.749999999999999889e-01 2.461999999999999809e-12
2.250000000000000056e-01 2.084000000000000410e-12
2.750000000000000222e-01 2.156000000000000103e-12
3.250000000000000111e-01 2.186000000000000177e-12
3.750000000000000000e-01 2.171999999999999631e-12
4.249999999999999889e-01 2.121999999999999642e-12
4.749999999999999778e-01 2.068000000000000074e-12
5.250000000000000222e-01 2.001999999999999749e-12
5.749999999999999556e-01 1.930799999999999810e-12
6.250000000000000000e-01 1.839599999999999957e-12
6.750000000000000444e-01 1.759999999999999973e-12
7.249999999999999778e-01 1.693399999999999832e-12
7.750000000000000222e-01 1.601599999999999961e-12
8.249999999999999556e-01 1.548000000000000068e-12
8.750000000000000000e-01 1.478000000000000165e-12
9.250000000000000444e-01 1.384799999999999915e-12
9.749999999999999778e-01 1.323599999999999934e-12
1.024999999999999911e+00 1.247800000000000196e-12
1.074999999999999956e+00 1.207400000000000086e-12
1.125000000000000000e+00 1.126600000000000066e-12
1.175000000000000044e+00 1.089200000000000044e-12
1.225000000000000089e+00 1.002800000000000130e-12
1.274999999999999911e+00 9.675999999999998352e-13
1.324999999999999956e+00 9.040000000000000860e-13
1.375000000000000000e+00 8.699999999999999280e-13
1.425000000000000044e+00 8.056000000000000206e-13
1.475000000000000089e+00 7.866000000000000006e-13
1.524999999999999911e+00 7.391999999999999199e-13
1.574999999999999956e+00 6.909999999999999839e-13
1.625000000000000000e+00 6.569999999999999268e-13
1.675000000000000044e+00 6.117999999999999780e-13
1.725000000000000089e+00 5.769999999999999648e-13
1.774999999999999911e+00 5.606000000000000548e-13
1.824999999999999956e+00 5.147999999999999875e-13
1.875000000000000000e+00 4.861999999999998872e-13
1.925000000000000044e+00 4.595999999999999803e-13
1.975000000000000089e+00 4.330000000000000230e-13
2.024999999999999911e+00 4.084000000000000066e-13
2.075000000000000178e+00 3.734000000000000043e-13
2.125000000000000000e+00 3.525999999999999819e-13
2.174999999999999822e+00 3.312000000000000428e-13
2.225000000000000089e+00 3.089999999999999960e-13
2.274999999999999911e+00 2.969999999999999967e-13
2.325000000000000178e+00 2.722000000000000417e-13
2.375000000000000000e+00 2.562000000000000089e-13
2.424999999999999822e+00 2.379999999999999956e-13
2.475000000000000089e+00 2.260000000000000215e-13
2.524999999999999911e+00 2.085999999999999896e-13
2.575000000000000178e+00 1.960000000000000231e-13
2.625000000000000000e+00 1.766399999999999925e-13
2.674999999999999822e+00 1.721399999999999865e-13
2.725000000000000089e+00 1.545399999999999908e-13
2.774999999999999911e+00 1.457000000000000002e-13
2.825000000000000178e+00 1.358599999999999886e-13
2.875000000000000000e+00 1.274200000000000266e-13
2.924999999999999822e+00 1.154400000000000110e-13
2.975000000000000089e+00 1.097999999999999966e-13
3.024999999999999911e+00 9.977999999999999236e-14
3.075000000000000178e+00 9.312000000000001115e-14
3.125000000000000000e+00 8.421999999999999354e-14
3.174999999999999822e+00 8.142000000000000799e-14
3.225000000000000089e+00 7.637999999999999867e-14
3.274999999999999911e+00 6.991999999999999388e-14
3.325000000000000178e+00 6.329999999999999281e-14
3.375000000000000000e+00 5.844000000000000140e-14
3.424999999999999822e+00 5.248000000000000080e-14
3.475000000000000089e+00 4.978000000000000347e-14
3.524999999999999911e+00 4.552000000000000445e-14
3.575000000000000178e+00 4.155999999999999533e-14
3.625000000000000000e+00 3.773999999999999873e-14
3.674999999999999822e+00 3.432000000000000548e-14
3.725000000000000089e+00 3.205999999999999794e-14
3.774999999999999911e+00 2.895999999999999726e-14
3.825000000000000178e+00 2.676000000000000096e-14
3.875000000000000000e+00 2.429999999999999806e-14
3.924999999999999822e+00 2.341999999999999954e-14
3.975000000000000089e+00 1.984599999999999629e-14
4.025000000000000355e+00 1.861600000000000115e-14
4.075000000000000178e+00 1.671399999999999825e-14
4.125000000000000000e+00 1.527599999999999973e-14
4.174999999999999822e+00 1.351000000000000062e-14
4.224999999999999645e+00 1.308999999999999932e-14
4.275000000000000355e+00 1.194599999999999808e-14
4.325000000000000178e+00 1.051400000000000006e-14
4.375000000000000000e+00 9.289999999999999101e-15
4.424999999999999822e+00 8.607999999999999457e-15
4.474999999999999645e+00 7.655999999999998187e-15
4.525000000000000355e+00 6.820000000000000380e-15
4.575000000000000178e+00 6.281999999999999921e-15
4.625000000000000000e+00 5.761999999999999360e-15
4.674999999999999822e+00 4.995999999999999140e-15
4.724999999999999645e+00 4.445999999999999275e-15
4.775000000000000355e+00 4.110000000000000126e-15
4.825000000000000178e+00 3.638000000000000345e-15
4.875000000000000000e+00 3.184000000000000068e-15
4.924999999999999822e+00 2.813999999999999972e-15
4.974999999999999645e+00 2.484000000000000131e-15
5.025000000000000355e+00 2.284000000000000037e-15
5.075000000000000178e+00 2.055999999999999882e-15
5.125000000000000000e+00 1.685000000000000164e-15
5.174999999999999822e+00 1.481799999999999939e-15
5.224999999999999645e+00 1.314799999999999987e-15
5.275000000000000355e+00 1.118400000000000187e-15
5.325000000000000178e+00 9.579999999999999869e-16
5.375000000000000000e+00 8.400000000000000416e-16
5.424999999999999822e+00 6.305999999999999325e-16
5.474999999999999645e+00 5.959999999999999225e-16
5.525000000000000355e+00 4.724000000000000440e-16
5.575000000000000178e+00 4.436000000000000493e-16
5.625000000000000000e+00 3.668000000000000142e-16
5.674999999999999822e+00 3.514000000000000006e-16
5.724999999999999645e+00 2.734000000000000151e-16
5.775000000000000355e+00 2.272000000000000237e-16
5.825000000000000178e+00 1.837600000000000021e-16
5.875000000000000000e+00 1.493799999999999986e-16
5.924999999999999822e+00 1.300399999999999891e-16
5.974999999999999645e+00 1.102599999999999911e-16
6.025000000000000355e+00 9.141999999999998964e-17
6.075000000000000178e+00 8.730000000000000848e-17
6.125000000000000000e+00 4.293999999999999492e-17
6.174999999999999822e+00 4.644000000000000249e-17
6.224999999999999645e+00 3.095999999999999550e-17
6.275000000000000355e+00 2.563999999999999915e-17
6.325000000000000178e+00 2.098000000000000084e-17
6.375000000000000000e+00 1.645199999999999843e-17
6.424999999999999822e+00 1.659399999999999968e-17
6.474999999999999645e+00 1.228599999999999918e-17
6.525000000000000355e+00 1.710599999999999819e-17
6.575000000000000178e+00 9.410000000000001544e-18
6.625000000000000000e+00 8.773999999999999689e-18
6.674999999999999822e+00 1.034000000000000045e-17
6.724999999999999645e+00 6.098000000000000986e-18
6.775000000000000355e+00 3.224000000000000332e-18
6.825000000000000178e+00 3.212000000000000319e-18
6.875000000000000000e+00 2.361999999999999835e-18
6.924999999999999822e+00 3.919999999999999171e-18
6.974999999999999645e+00 1.558600000000000127e-18
7.025000000000000355e+00 3.141999999999999536e-18
7.075000000000000178e+00 2.337999999999999808e-18
7.125000000000000000e+00 0.000000000000000000e+00
7.174999999999999822e+00 0.000000000000000000e+00
7.224999999999999645e+00 0.000000000000000000e+00
7.275000000000000355e+00 0.000000000000000000e+00
7.325000000000000178e+00 0.000000000000000000e+00
7.375000000000000000e+00 0.000000000000000000e+00
7.424999999999999822e+00 0.000000000000000000e+00
7.474999999999999645e+00 0.000000000000000000e+00
7.525000000000000355e+00 0.000000000000000000e+00
7.575000000000000178e+00 0.000000000000000000e+00
7.625000000000000000e+00 0.000000000000000000e+00
7.674999999999999822e+00 0.000000000000000000e+00
7.724999999999999645e+00 0.000000000000000000e+00
7.775000000000000355e+00 0.000000000000000000e+00
7.825000000000000178e+00 0.000000000000000000e+00
7.875000000000000000e+00 0.000000000000000000e+00
7.924999999999999822e+00 0.000000000000000000e+00
7.974999999999999645e+00 0.000000000000000000e+00
8.025000000000000355e+00 0.000000000000000000e+00
8.074999999999999289e+00 0.000000000000000000e+00
8.125000000000000000e+00 0.000000000000000000e+00
8.175000000000000711e+00 0.000000000000000000e+00
8.224999999999999645e+00 0.000000000000000000e+00
8.275000000000000355e+00 0.000000000000000000e+00
8.324999999999999289e+00 0.000000000000000000e+00
8.375000000000000000e+00 0.000000000000000000e+00
8.425000000000000711e+00 0.000000000000000000e+00
8.474999999999999645e+00 0.000000000000000000e+00
8.525000000000000355e+00 0.000000000000000000e+00
8.574999999999999289e+00 0.000000000000000000e+00
8.625000000000000000e+00 0.000000000000000000e+00
8.675000000000000711e+00 0.000000000000000000e+00
8.724999999999999645e+00 0.000000000000000000e+00
8.775000000000000355e+00 0.000000000000000000e+00
8.824999999999999289e+00 0.000000000000000000e+00
8.875000000000000000e+00 0.000000000000000000e+00
8.925000000000000711e+00 0.000000000000000000e+00
8.974999999999999645e+00 0.000000000000000000e+00
9.025000000000000355e+00 0.000000000000000000e+00
9.074999999999999289e+00 0.000000000000000000e+00
9.125000000000000000e+00 0.000000000000000000e+00
9.175000000000000711e+00 0.000000000000000000e+00
9.224999999999999645e+00 0.000000000000000000e+00
9.275000000000000355e+00 0.000000000000000000e+00
9.324999999999999289e+00 0.000000000000000000e+00
9.375000000000000000e+00 0.000000000000000000e+00
9.425000000000000711e+00 0.000000000000000000e+00
9.474999999999999645e+00 0.000000000000000000e+00
9.525000000000000355e+00 0.000000000000000000e+00
9.574999999999999289e+00 0.000000000000000000e+00
9.625000000000000000e+00 0.000000000000000000e+00
9.675000000000000711e+00 0.000000000000000000e+00
9.724999999999999645e+00 0.000000000000000000e+00
9.775000000000000355e+00 0.000000000000000000e+00
9.824999999999999289e+00 0.000000000000000000e+00
9.875000000000000000e+00 0.000000000000000000e+00
9.925000000000000711e+00 0.000000000000000000e+00
9.974999999999999645e+00 0.000000000000000000e+00
