# MiniBooNE muon reconstruction efficiencies
# taken from slide 42 of Johnathon Jordan's ICHEP 2018 talk
# (https://indico.cern.ch/event/686555/contributions/2975031/attachments/1681740/2702116/KDARInMiniBooNE-ICHEP2018.pdf)
#
# muon momentum [MeV]  efficiency
  0.5666633175926865  0.05372431762473251
  1.2739877423892274  0.07934686553773673
  1.3865166281523162  0.06149153302680266
  1.1936099668441678  0.05192329258719297
  2.0134632774037975  0.09847992088655977
  2.061689942730835   0.08765279802624193
  3.0744499145986133  0.09972779267385079
  3.4602632372149102  0.15426713020074012
  3.42168190495328    0.1417517102164404
  3.0744499145986133  0.13448469216104064
  3.0744499145986133  0.1256027812044409
  3.0744499145986133  0.11672087024784117
  3.219129910579724   0.10602220477739144
  4.463377876017281   0.15031064259280025
  4.3403998794333365  0.13912750925199047
  4.82668542148096    0.13401368173152395
  5.58223651160454    0.150303302170522
  6.450316487491209   0.18715222200699377
  6.28152315884658    0.17647190759223952
  6.064503164874912   0.16758999663563978
  6.08861649753843    0.15699226197151506
  7.125489802069728   0.18535381854883926
  7.511303124686025   0.17353573868096683
  8.289359991962224   0.15814287316361997
  8.138249773937508   0.1700123359874397
  9.395358183462273   0.15179096108556678
 10.40490304430825    0.1813532884072302
 10.06731638701899    0.17081978243803964
 10.115543052346025   0.1619378714814399
 10.115543052346025   0.15305596052484016
 11.465889681503063   0.17992190606298486
 12.430422988043807   0.2007687053330206
 12.063900331558324   0.1861612649994392
 13.332950582021214   0.21119210496803853
 14.373268648361586   0.22128518560053823
 15.583704951734697   0.22321063482889203
 16.385009544860843   0.2399298581871196
 16.143876218225664   0.22572614107883815
 17.44599618205566    0.24657294034887395
 18.410529488596403   0.2595654877812553
 18.589657102668255   0.2478155689773947
 19.43293479352959    0.25818548839295724
 19.5404113619727     0.24614300132972333
 20.532502762986034   0.26554793193797344
 20.14668944036974    0.25015139620948745
 21.59348940018085    0.26976867474792776
 22.303110332850103   0.29620468126692173
 22.02752938812418    0.2810362229449366
 22.02752938812418    0.27477851295278677
 23.38752135034663    0.2953280251205562
 23.34342839919048    0.2831701885643795
 24.390635989148997   0.31711439844219924
 24.21701999397166    0.3064707861388359
 24.56976360322085    0.29539723481632196
 24.101275997186775   0.28547717842323644
 25.413041294082184   0.3161601435460356
 25.28282929769918    0.3058652013008859
 25.492959768052707   0.2956279338022076
 25.73221413370112    0.2890739853395455
 26.51260926353863    0.3239042890495172
 26.078569275595292   0.3129303577436357
 26.126795940922335   0.30404844678703596
 27.656270184151218   0.3240327464393854
 28.59439365015573    0.33241000336436016
 29.406209183160854   0.34394364186895304
 30.46719582035567    0.3432463017525258
 31.528182457550486   0.3471000234485711
 32.671843378163075   0.34600682484499906
 33.360795739977895   0.3642766115795161
 33.167889078669745   0.3492654480206347
 34.42178237717271    0.3686808649464251
 35.426504571485985   0.3952226085006168
 35.04872902642419    0.3856005382976337
 35.06939759727864    0.37377721527099117
 36.06148899829197    0.3904452170012336
 36.736662312870486   0.38380213483947917
 37.83209656815604    0.38424518175555517
 38.79662987469679    0.3938480270430478
 39.34090224053049    0.408649464251124
 40.401888877725305   0.41393456829141473
 41.36642218426605    0.4269638178351871
 41.07706219230383    0.4166872266457328
 42.46759770923339    0.4283952001794325
 43.3919421280016     0.4441404059661321
 43.054355470712345   0.43041381630593245
 44.45292876519642    0.44542497986481383
 45.28391130621614    0.4567489928485779
 46.42218426605043    0.4724010317371313
 45.996182055661606   0.4623079511046316
 47.42489701597509    0.46833856678255015
 48.31106199135939    0.4931744267843853
 47.97347533407012    0.482494112369631
 48.0699286647242     0.4703824156106313
 49.41223751632673    0.49608612762139725
 50.41495026625139    0.501115846136593
 51.494021902943835   0.4977010205225973
 52.3621018788305     0.5187557984238482
 52.000401888877725   0.4947067399349557
 52.07274188686828    0.5075249523382304
 53.26462947280791    0.5264422691808583
 54.42781071033859    0.5349781316586295
 55.43052346026323    0.5394443198385107
 56.50959509695569    0.5369967477851295
 57.41786396061488    0.5516990019064708
 57.54646840148699    0.5418414264887293
 58.41454837737365    0.5473253336323876
 59.56642372999251    0.5509096712416215
 60.407917210891185   0.5742065717169451
 59.981915000502354   0.5640462038802287
 60.078368331156426   0.5525400919591791
 61.410629960815825   0.5683357631490411
 62.422926214747775   0.5746361746361746
 63.633362518120876   0.5773402329418926
 64.32231487993569    0.5918664043145371
 64.12940821862755    0.5783783783783784
 65.3833015171305     0.5919398085373189
 66.44428815432532    0.5907286388614189
 67.58794907493792    0.5872026145885066
 68.52607254094244    0.592609622070203
 69.33788807394755    0.6019227828356459
 70.46565009390288    0.6040148031849276
 71.26695468702903    0.6272105375839816
 70.92936802973978    0.6165302231692273
 71.31518135235606    0.6060334193114276
 71.94212800160756    0.6254121341258271
 71.94212800160756    0.6165302231692273
 72.28292976991861    0.5937871481439946
 72.6494524264041     0.6044185264102276
 73.00311463880237    0.5939217225524279
 73.67185773133728    0.6067332062352809
 74.64282125992163    0.6123828845820547
 75.37937396673456    0.6058866108658639
 76.28252788104089    0.6223658588803817
 75.99316788907866    0.6086576202758776
 77.38370340600824    0.6253448469216104
 78.32182687201274    0.62027908168987
 78.93499447402793    0.6084557586632275
 79.18255802270673    0.5964248065492879
 79.61016778860645    0.6149153302680274
 80.333567768512      0.6292658558218724
 79.94775444589571    0.5977570931927778
 80.04420777654978    0.6181451160704272
 80.04420777654978    0.6092632051138275
 81.46132978846734    0.6340145443879883
 82.26263438159349    0.64897488963879
 82.31086104692052    0.6365818100257934
 83.15482769014368    0.6464057418414265
 83.27860946448307    0.6259235168778737
 83.76730633979705    0.6393002130761467
 83.99879433336682    0.626623303801727
 84.66753742590173    0.6436065941460132
 84.09524766402089    0.6351014915330268
 85.59027428915904    0.6373219692721768
 86.35386315683712    0.6296848715935853
 87.29198662284163    0.6363126612089267
 88.20564344727913    0.6475237446191803
 88.9179141967246     0.6472131882920265
 89.22105323592312    0.6337461349909482
 90.39686526675374    0.6351687787372434
 91.31546841584016    0.6264502795623128
 92.33396965738973    0.6570707637097679
 91.9079674470009     0.6472131882920265
 91.9079674470009     0.6383312773354267
 91.95619411232794    0.626623303801727
 92.96895408419572    0.6520578669956263
 93.5959007334472     0.6448715935852866
 94.22284738269867    0.6338903218571268
 95.28383401989349    0.6523514838867536
 94.8980206972772     0.6379275541101267
 96.3448206570883     0.6506631867627718
 97.1228775243645     0.6351822361780868
 96.9717673063398     0.6480206347426264
 98.191212986752      0.6384754642016053
 99.37506279513715    0.6449927105528765
100.32908516179891    0.6506914191561495
101.539521465172      0.6498085518832407
102.22847382698683    0.663765840529326
102.68662714759368    0.6495345968375014
102.90364714156536    0.6617472244028261
103.57882045614387    0.6433594665959811
104.63980709333869    0.6379275541101267
105.67668039786999    0.6392396545923517
106.31970260223049    0.663664909723001
105.89370039184165    0.6536727598968263
107.32241535215512    0.6587697656162387
108.40148698884758    0.6643848828081194
109.28028400147359    0.6582482897835595
110.17984527278207    0.6503168105865201
111.21241262505202    0.6563546356077476
112.35607354566461    0.6619307349597806
113.41706018285943    0.6623344581850806
114.09866371948155    0.6457059549175732
114.64684014869889    0.6546820679600762
115.2110921330252    0.6467287204216665
115.51974279111825    0.6548435572501963
116.37743548524216    0.6454430172272496
117.17874007836832    0.6635456278609806
117.37164673967646    0.6494336660311764
117.85391339294685    0.6617472244028261
118.47764493117654    0.6481821240327464
119.3114303894973    0.6536279017606819

